# name: qp_0000
# type: scalar struct
# ndims: 2
 1 1
# length: 7
# name: q
# type: matrix
# rows: 16
# columns: 1
4.16908e+20
0
9.83381
10.1163
-4.16908e+20
0
10.0565
-0.0814596
-3.50379e+20
0
9.92481
10.0253
3.01741e+07
0
9.97506
9.97506
# name: z
# type: matrix
# rows: 16
# columns: 1
2.65368e+15
-0
0
0
-2.65368e+15
0
0
0
-5.49427e+14
-1.04814e+07
0
0
5.46804e+14
-0
0
0
# name: w
# type: matrix
# rows: 16
# columns: 1
0
2.65368e+15
2.65368e+15
-2.65368e+15
0
-2.65368e+15
-2.65368e+15
2.65368e+15
1.67772e+07
-5.49427e+14
-5.49427e+14
5.49427e+14
1.67772e+07
5.46804e+14
5.46804e+14
-5.46804e+14
# name: lower_bounds
# type: matrix
# rows: 16
# columns: 1
-inf
-0
0
0
-inf
-0
0
0
-inf
-1.04814e+07
0
0
-inf
-0
0
0
# name: upper_bounds
# type: matrix
# rows: 16
# columns: 1
inf
0
inf
inf
inf
0
inf
inf
inf
1.04814e+07
inf
inf
inf
0
inf
inf
# name: idx
# type: matrix
# rows: 16
# columns: 1
-1
2
2
2
-1
3
2
2
-1
2
2
2
-1
2
2
2
# name: matrix
# type: scalar struct
# ndims: 2
 1 1
# length: 3
# name: signs
# type: matrix
# rows: 16
# columns: 1
1
-1
-1
-1
1
-1
-1
-1
1
-1
-1
-1
1
-1
-1
-1
# name: active
# type: matrix
# rows: 16
# columns: 1
1
0
0
0
1
0
0
0
1
0
0
0
1
0
0
0
# name: bands
# type: matrix
# rows: 9
# columns: 16
  6.97232e+21  0  0  0  -1.67112e+07  0  0  0  1.26398e+08  0  0  0  0  0  0  0  
  -1  0  0  0  -1  0  0  0  -1  0  0  0  -1  0  0  0  
  1  0  0  0  1  0  0  0  1  0  0  0  1  0  0  0  
  1  0  0  0  1  0  0  0  1  0  0  0  1  0  0  0  
  6.97232e+21  -1e-10  -1e-10  -1e-10  6.97232e+21  -1e-10  -1e-10  -1e-10  2.05871e+08  -1e-10  -1e-10  -1e-10  1.27004e+08  -1e-10  -1e-10  -1e-10  
  0  1  0  0  0  1  0  0  0  1  0  0  0  1  0  0  
  0  0  1  0  0  0  1  0  0  0  1  0  0  0  1  0  
  0  0  0  -1  0  0  0  -1  0  0  0  -1  0  0  0  -1  
  0  0  0  0  6.97232e+21  0  0  0  -1.67112e+07  0  0  0  1.26398e+08  0  0  0  
